Método simplex
0 - Primal
1 - Dual
ATENÇÃO - MANIPULE OS VALORES ANTES DE INSERIR NO PROGRAMA
--------------------------------------------------
Matrix
  x0    x1    x2    x3    x4    x5    x6    x7    x8    x9    x10    x11    x12    x13    x14    x15    f0    f1    f2    f3    f4    f5    f6    f7       s
----  ----  ----  ----  ----  ----  ----  ----  ----  ----  -----  -----  -----  -----  -----  -----  ----  ----  ----  ----  ----  ----  ----  ----  ------
  -1  -2.1  -1.1  0      0     0     0    0      0     0      0      0     0      0       0        0     1     0     0     0     0     0     0     0  -20500
   0   0     0    0     -0.9  -0.8  -1    0      0     0      0      0     0      0       0        0     0     1     0     0     0     0     0     0  -25300
   0   0     0    0      0     0     0    0     -1.8  -0.7   -1.2    0     0      0       0        0     0     0     1     0     0     0     0     0  -21000
   0   0     0    0      0     0     0    0      0     0      0      0    -1.05  -1.15   -1.5      0     0     0     0     1     0     0     0     0  -20000
  -1   0     0    0     -0.9   0     0    0     -1.8   0      0      0    -1.05   0       0        0     0     0     0     0     1     0     0     0  -30000
   0  -2.1   0    0      0    -0.8   0    0      0    -0.7    0      0     0     -1.5     0        0     0     0     0     0     0     1     0     0  -25700
   0   0    -1.1  0      0     0    -1    0      0     0     -1.2    0     0      0      -1.5      0     0     0     0     0     0     0     1     0  -23500
   0   0     0    0      0     0     0    0      0     0      0      0     0      0       0        0     0     0     0     0     0     0     0     1   -7850
   1   0.9   1.8  1.05   2.1   0.8   0.7  1.15   1.1   1      1.2    1.5   0      0       0        0     0     0     0     0     0     0     0     0       0
--------------------------------------------------
Coluna Pivot_id
None
--------------------------------------------------
Linha Pivot_id
None
--------------------------------------------------
Matrix
  x0    x1    x2    x3    x4    x5    x6    x7    x8    x9    x10    x11    x12    x13    x14    x15    f0    f1    f2    f3    f4    f5    f6    f7       s
----  ----  ----  ----  ----  ----  ----  ----  ----  ----  -----  -----  -----  -----  -----  -----  ----  ----  ----  ----  ----  ----  ----  ----  ------
  -1  -2.1  -1.1  0      0     0     0    0      0     0      0      0     0      0       0        0     1     0     0     0     0     0     0     0  -20500
   0   0     0    0     -0.9  -0.8  -1    0      0     0      0      0     0      0       0        0     0     1     0     0     0     0     0     0  -25300
   0   0     0    0      0     0     0    0     -1.8  -0.7   -1.2    0     0      0       0        0     0     0     1     0     0     0     0     0  -21000
   0   0     0    0      0     0     0    0      0     0      0      0    -1.05  -1.15   -1.5      0     0     0     0     1     0     0     0     0  -20000
  -1   0     0    0     -0.9   0     0    0     -1.8   0      0      0    -1.05   0       0        0     0     0     0     0     1     0     0     0  -30000
   0  -2.1   0    0      0    -0.8   0    0      0    -0.7    0      0     0     -1.5     0        0     0     0     0     0     0     1     0     0  -25700
   0   0    -1.1  0      0     0    -1    0      0     0     -1.2    0     0      0      -1.5      0     0     0     0     0     0     0     1     0  -23500
   0   0     0    0      0     0     0    0      0     0      0      0     0      0       0        0     0     0     0     0     0     0     0     1   -7850
   1   0.9   1.8  1.05   2.1   0.8   0.7  1.15   1.1   1      1.2    1.5   0      0       0        0     0     0     0     0     0     0     0     0       0
--------------------------------------------------
Coluna Pivot_id
0
--------------------------------------------------
Linha Pivot_id
4
--------------------------------------------------
Iteração Atual: 
1
--------------------------------------------------
Linha Atual: 
0
--------------------------------------------------
Matrix
  x0    x1    x2    x3    x4    x5    x6    x7    x8    x9    x10    x11    x12    x13    x14    x15    f0    f1    f2    f3    f4    f5    f6    f7       s
----  ----  ----  ----  ----  ----  ----  ----  ----  ----  -----  -----  -----  -----  -----  -----  ----  ----  ----  ----  ----  ----  ----  ----  ------
  -1  -2.1  -1.1  0      0     0     0    0      0     0      0      0     0      0       0        0     1     0     0     0     0     0     0     0  -20500
   0   0     0    0     -0.9  -0.8  -1    0      0     0      0      0     0      0       0        0     0     1     0     0     0     0     0     0  -25300
   0   0     0    0      0     0     0    0     -1.8  -0.7   -1.2    0     0      0       0        0     0     0     1     0     0     0     0     0  -21000
   0   0     0    0      0     0     0    0      0     0      0      0    -1.05  -1.15   -1.5      0     0     0     0     1     0     0     0     0  -20000
  -1   0     0    0     -0.9   0     0    0     -1.8   0      0      0    -1.05   0       0        0     0     0     0     0     1     0     0     0  -30000
   0  -2.1   0    0      0    -0.8   0    0      0    -0.7    0      0     0     -1.5     0        0     0     0     0     0     0     1     0     0  -25700
   0   0    -1.1  0      0     0    -1    0      0     0     -1.2    0     0      0      -1.5      0     0     0     0     0     0     0     1     0  -23500
   0   0     0    0      0     0     0    0      0     0      0      0     0      0       0        0     0     0     0     0     0     0     0     1   -7850
   1   0.9   1.8  1.05   2.1   0.8   0.7  1.15   1.1   1      1.2    1.5   0      0       0        0     0     0     0     0     0     0     0     0       0
--------------------------------------------------
Coluna Pivot_id
0
--------------------------------------------------
Linha Pivot_id
4
--------------------------------------------------
Linha Atual: 
1
--------------------------------------------------
Matrix
  x0    x1    x2    x3    x4    x5    x6    x7    x8    x9    x10    x11    x12    x13    x14    x15    f0    f1    f2    f3    f4    f5    f6    f7       s
----  ----  ----  ----  ----  ----  ----  ----  ----  ----  -----  -----  -----  -----  -----  -----  ----  ----  ----  ----  ----  ----  ----  ----  ------
   0  -2.1  -1.1  0      0.9   0     0    0      1.8   0      0      0     1.05   0       0        0     1     0     0     0    -1     0     0     0    9500
   0   0     0    0     -0.9  -0.8  -1    0      0     0      0      0     0      0       0        0     0     1     0     0     0     0     0     0  -25300
   0   0     0    0      0     0     0    0     -1.8  -0.7   -1.2    0     0      0       0        0     0     0     1     0     0     0     0     0  -21000
   0   0     0    0      0     0     0    0      0     0      0      0    -1.05  -1.15   -1.5      0     0     0     0     1     0     0     0     0  -20000
  -1   0     0    0     -0.9   0     0    0     -1.8   0      0      0    -1.05   0       0        0     0     0     0     0     1     0     0     0  -30000
   0  -2.1   0    0      0    -0.8   0    0      0    -0.7    0      0     0     -1.5     0        0     0     0     0     0     0     1     0     0  -25700
   0   0    -1.1  0      0     0    -1    0      0     0     -1.2    0     0      0      -1.5      0     0     0     0     0     0     0     1     0  -23500
   0   0     0    0      0     0     0    0      0     0      0      0     0      0       0        0     0     0     0     0     0     0     0     1   -7850
   1   0.9   1.8  1.05   2.1   0.8   0.7  1.15   1.1   1      1.2    1.5   0      0       0        0     0     0     0     0     0     0     0     0       0
--------------------------------------------------
Coluna Pivot_id
0
--------------------------------------------------
Linha Pivot_id
4
--------------------------------------------------
Linha Atual: 
2
--------------------------------------------------
Matrix
  x0    x1    x2    x3    x4    x5    x6    x7    x8    x9    x10    x11    x12    x13    x14    x15    f0    f1    f2    f3    f4    f5    f6    f7       s
----  ----  ----  ----  ----  ----  ----  ----  ----  ----  -----  -----  -----  -----  -----  -----  ----  ----  ----  ----  ----  ----  ----  ----  ------
   0  -2.1  -1.1  0      0.9   0     0    0      1.8   0      0      0     1.05   0       0        0     1     0     0     0    -1     0     0     0    9500
   0   0     0    0     -0.9  -0.8  -1    0      0     0      0      0     0      0       0        0     0     1     0     0     0     0     0     0  -25300
   0   0     0    0      0     0     0    0     -1.8  -0.7   -1.2    0     0      0       0        0     0     0     1     0     0     0     0     0  -21000
   0   0     0    0      0     0     0    0      0     0      0      0    -1.05  -1.15   -1.5      0     0     0     0     1     0     0     0     0  -20000
  -1   0     0    0     -0.9   0     0    0     -1.8   0      0      0    -1.05   0       0        0     0     0     0     0     1     0     0     0  -30000
   0  -2.1   0    0      0    -0.8   0    0      0    -0.7    0      0     0     -1.5     0        0     0     0     0     0     0     1     0     0  -25700
   0   0    -1.1  0      0     0    -1    0      0     0     -1.2    0     0      0      -1.5      0     0     0     0     0     0     0     1     0  -23500
   0   0     0    0      0     0     0    0      0     0      0      0     0      0       0        0     0     0     0     0     0     0     0     1   -7850
   1   0.9   1.8  1.05   2.1   0.8   0.7  1.15   1.1   1      1.2    1.5   0      0       0        0     0     0     0     0     0     0     0     0       0
--------------------------------------------------
Coluna Pivot_id
0
--------------------------------------------------
Linha Pivot_id
4
--------------------------------------------------
Linha Atual: 
3
--------------------------------------------------
Matrix
  x0    x1    x2    x3    x4    x5    x6    x7    x8    x9    x10    x11    x12    x13    x14    x15    f0    f1    f2    f3    f4    f5    f6    f7       s
----  ----  ----  ----  ----  ----  ----  ----  ----  ----  -----  -----  -----  -----  -----  -----  ----  ----  ----  ----  ----  ----  ----  ----  ------
   0  -2.1  -1.1  0      0.9   0     0    0      1.8   0      0      0     1.05   0       0        0     1     0     0     0    -1     0     0     0    9500
   0   0     0    0     -0.9  -0.8  -1    0      0     0      0      0     0      0       0        0     0     1     0     0     0     0     0     0  -25300
   0   0     0    0      0     0     0    0     -1.8  -0.7   -1.2    0     0      0       0        0     0     0     1     0     0     0     0     0  -21000
   0   0     0    0      0     0     0    0      0     0      0      0    -1.05  -1.15   -1.5      0     0     0     0     1     0     0     0     0  -20000
  -1   0     0    0     -0.9   0     0    0     -1.8   0      0      0    -1.05   0       0        0     0     0     0     0     1     0     0     0  -30000
   0  -2.1   0    0      0    -0.8   0    0      0    -0.7    0      0     0     -1.5     0        0     0     0     0     0     0     1     0     0  -25700
   0   0    -1.1  0      0     0    -1    0      0     0     -1.2    0     0      0      -1.5      0     0     0     0     0     0     0     1     0  -23500
   0   0     0    0      0     0     0    0      0     0      0      0     0      0       0        0     0     0     0     0     0     0     0     1   -7850
   1   0.9   1.8  1.05   2.1   0.8   0.7  1.15   1.1   1      1.2    1.5   0      0       0        0     0     0     0     0     0     0     0     0       0
--------------------------------------------------
Coluna Pivot_id
0
--------------------------------------------------
Linha Pivot_id
4
--------------------------------------------------
Linha Atual: 
5
--------------------------------------------------
Matrix
  x0    x1    x2    x3    x4    x5    x6    x7    x8    x9    x10    x11    x12    x13    x14    x15    f0    f1    f2    f3    f4    f5    f6    f7       s
----  ----  ----  ----  ----  ----  ----  ----  ----  ----  -----  -----  -----  -----  -----  -----  ----  ----  ----  ----  ----  ----  ----  ----  ------
   0  -2.1  -1.1  0      0.9   0     0    0      1.8   0      0      0     1.05   0       0        0     1     0     0     0    -1     0     0     0    9500
   0   0     0    0     -0.9  -0.8  -1    0      0     0      0      0     0      0       0        0     0     1     0     0     0     0     0     0  -25300
   0   0     0    0      0     0     0    0     -1.8  -0.7   -1.2    0     0      0       0        0     0     0     1     0     0     0     0     0  -21000
   0   0     0    0      0     0     0    0      0     0      0      0    -1.05  -1.15   -1.5      0     0     0     0     1     0     0     0     0  -20000
  -1   0     0    0     -0.9   0     0    0     -1.8   0      0      0    -1.05   0       0        0     0     0     0     0     1     0     0     0  -30000
   0  -2.1   0    0      0    -0.8   0    0      0    -0.7    0      0     0     -1.5     0        0     0     0     0     0     0     1     0     0  -25700
   0   0    -1.1  0      0     0    -1    0      0     0     -1.2    0     0      0      -1.5      0     0     0     0     0     0     0     1     0  -23500
   0   0     0    0      0     0     0    0      0     0      0      0     0      0       0        0     0     0     0     0     0     0     0     1   -7850
   1   0.9   1.8  1.05   2.1   0.8   0.7  1.15   1.1   1      1.2    1.5   0      0       0        0     0     0     0     0     0     0     0     0       0
--------------------------------------------------
Coluna Pivot_id
0
--------------------------------------------------
Linha Pivot_id
4
--------------------------------------------------
Linha Atual: 
6
--------------------------------------------------
Matrix
  x0    x1    x2    x3    x4    x5    x6    x7    x8    x9    x10    x11    x12    x13    x14    x15    f0    f1    f2    f3    f4    f5    f6    f7       s
----  ----  ----  ----  ----  ----  ----  ----  ----  ----  -----  -----  -----  -----  -----  -----  ----  ----  ----  ----  ----  ----  ----  ----  ------
   0  -2.1  -1.1  0      0.9   0     0    0      1.8   0      0      0     1.05   0       0        0     1     0     0     0    -1     0     0     0    9500
   0   0     0    0     -0.9  -0.8  -1    0      0     0      0      0     0      0       0        0     0     1     0     0     0     0     0     0  -25300
   0   0     0    0      0     0     0    0     -1.8  -0.7   -1.2    0     0      0       0        0     0     0     1     0     0     0     0     0  -21000
   0   0     0    0      0     0     0    0      0     0      0      0    -1.05  -1.15   -1.5      0     0     0     0     1     0     0     0     0  -20000
  -1   0     0    0     -0.9   0     0    0     -1.8   0      0      0    -1.05   0       0        0     0     0     0     0     1     0     0     0  -30000
   0  -2.1   0    0      0    -0.8   0    0      0    -0.7    0      0     0     -1.5     0        0     0     0     0     0     0     1     0     0  -25700
   0   0    -1.1  0      0     0    -1    0      0     0     -1.2    0     0      0      -1.5      0     0     0     0     0     0     0     1     0  -23500
   0   0     0    0      0     0     0    0      0     0      0      0     0      0       0        0     0     0     0     0     0     0     0     1   -7850
   1   0.9   1.8  1.05   2.1   0.8   0.7  1.15   1.1   1      1.2    1.5   0      0       0        0     0     0     0     0     0     0     0     0       0
--------------------------------------------------
Coluna Pivot_id
0
--------------------------------------------------
Linha Pivot_id
4
--------------------------------------------------
Linha Atual: 
7
--------------------------------------------------
Matrix
  x0    x1    x2    x3    x4    x5    x6    x7    x8    x9    x10    x11    x12    x13    x14    x15    f0    f1    f2    f3    f4    f5    f6    f7       s
----  ----  ----  ----  ----  ----  ----  ----  ----  ----  -----  -----  -----  -----  -----  -----  ----  ----  ----  ----  ----  ----  ----  ----  ------
   0  -2.1  -1.1  0      0.9   0     0    0      1.8   0      0      0     1.05   0       0        0     1     0     0     0    -1     0     0     0    9500
   0   0     0    0     -0.9  -0.8  -1    0      0     0      0      0     0      0       0        0     0     1     0     0     0     0     0     0  -25300
   0   0     0    0      0     0     0    0     -1.8  -0.7   -1.2    0     0      0       0        0     0     0     1     0     0     0     0     0  -21000
   0   0     0    0      0     0     0    0      0     0      0      0    -1.05  -1.15   -1.5      0     0     0     0     1     0     0     0     0  -20000
  -1   0     0    0     -0.9   0     0    0     -1.8   0      0      0    -1.05   0       0        0     0     0     0     0     1     0     0     0  -30000
   0  -2.1   0    0      0    -0.8   0    0      0    -0.7    0      0     0     -1.5     0        0     0     0     0     0     0     1     0     0  -25700
   0   0    -1.1  0      0     0    -1    0      0     0     -1.2    0     0      0      -1.5      0     0     0     0     0     0     0     1     0  -23500
   0   0     0    0      0     0     0    0      0     0      0      0     0      0       0        0     0     0     0     0     0     0     0     1   -7850
   1   0.9   1.8  1.05   2.1   0.8   0.7  1.15   1.1   1      1.2    1.5   0      0       0        0     0     0     0     0     0     0     0     0       0
--------------------------------------------------
Coluna Pivot_id
0
--------------------------------------------------
Linha Pivot_id
4
--------------------------------------------------
Linha Atual: 
8
--------------------------------------------------
Matrix
  x0    x1    x2    x3    x4    x5    x6    x7    x8    x9    x10    x11    x12    x13    x14    x15    f0    f1    f2    f3    f4    f5    f6    f7       s
----  ----  ----  ----  ----  ----  ----  ----  ----  ----  -----  -----  -----  -----  -----  -----  ----  ----  ----  ----  ----  ----  ----  ----  ------
   0  -2.1  -1.1  0      0.9   0     0    0      1.8   0      0      0     1.05   0       0        0     1     0     0     0    -1     0     0     0    9500
   0   0     0    0     -0.9  -0.8  -1    0      0     0      0      0     0      0       0        0     0     1     0     0     0     0     0     0  -25300
   0   0     0    0      0     0     0    0     -1.8  -0.7   -1.2    0     0      0       0        0     0     0     1     0     0     0     0     0  -21000
   0   0     0    0      0     0     0    0      0     0      0      0    -1.05  -1.15   -1.5      0     0     0     0     1     0     0     0     0  -20000
  -1   0     0    0     -0.9   0     0    0     -1.8   0      0      0    -1.05   0       0        0     0     0     0     0     1     0     0     0  -30000
   0  -2.1   0    0      0    -0.8   0    0      0    -0.7    0      0     0     -1.5     0        0     0     0     0     0     0     1     0     0  -25700
   0   0    -1.1  0      0     0    -1    0      0     0     -1.2    0     0      0      -1.5      0     0     0     0     0     0     0     1     0  -23500
   0   0     0    0      0     0     0    0      0     0      0      0     0      0       0        0     0     0     0     0     0     0     0     1   -7850
   1   0.9   1.8  1.05   2.1   0.8   0.7  1.15   1.1   1      1.2    1.5   0      0       0        0     0     0     0     0     0     0     0     0       0
--------------------------------------------------
Coluna Pivot_id
0
--------------------------------------------------
Linha Pivot_id
4
--------------------------------------------------
Matrix
  x0    x1    x2    x3    x4    x5    x6    x7    x8    x9    x10    x11    x12    x13    x14    x15    f0    f1    f2    f3    f4    f5    f6    f7       s
----  ----  ----  ----  ----  ----  ----  ----  ----  ----  -----  -----  -----  -----  -----  -----  ----  ----  ----  ----  ----  ----  ----  ----  ------
   0  -2.1  -1.1  0      0.9   0     0    0      1.8   0      0      0     1.05   0       0        0     1     0     0     0    -1     0     0     0    9500
   0   0     0    0     -0.9  -0.8  -1    0      0     0      0      0     0      0       0        0     0     1     0     0     0     0     0     0  -25300
   0   0     0    0      0     0     0    0     -1.8  -0.7   -1.2    0     0      0       0        0     0     0     1     0     0     0     0     0  -21000
   0   0     0    0      0     0     0    0      0     0      0      0    -1.05  -1.15   -1.5      0     0     0     0     1     0     0     0     0  -20000
   1   0     0    0      0.9   0     0    0      1.8   0      0      0     1.05   0       0        0     0     0     0     0    -1     0     0     0   30000
   0  -2.1   0    0      0    -0.8   0    0      0    -0.7    0      0     0     -1.5     0        0     0     0     0     0     0     1     0     0  -25700
   0   0    -1.1  0      0     0    -1    0      0     0     -1.2    0     0      0      -1.5      0     0     0     0     0     0     0     1     0  -23500
   0   0     0    0      0     0     0    0      0     0      0      0     0      0       0        0     0     0     0     0     0     0     0     1   -7850
   0   0.9   1.8  1.05   1.2   0.8   0.7  1.15  -0.7   1      1.2    1.5  -1.05   0       0        0     0     0     0     0     1     0     0     0  -30000
--------------------------------------------------
Coluna Pivot_id
1
--------------------------------------------------
Linha Pivot_id
5
--------------------------------------------------
Iteração Atual: 
2
--------------------------------------------------
Linha Atual: 
0
--------------------------------------------------
Matrix
  x0    x1    x2    x3    x4    x5    x6    x7    x8    x9    x10    x11    x12    x13    x14    x15    f0    f1    f2    f3    f4    f5    f6    f7       s
----  ----  ----  ----  ----  ----  ----  ----  ----  ----  -----  -----  -----  -----  -----  -----  ----  ----  ----  ----  ----  ----  ----  ----  ------
   0  -2.1  -1.1  0      0.9   0     0    0      1.8   0      0      0     1.05   0       0        0     1     0     0     0    -1     0     0     0    9500
   0   0     0    0     -0.9  -0.8  -1    0      0     0      0      0     0      0       0        0     0     1     0     0     0     0     0     0  -25300
   0   0     0    0      0     0     0    0     -1.8  -0.7   -1.2    0     0      0       0        0     0     0     1     0     0     0     0     0  -21000
   0   0     0    0      0     0     0    0      0     0      0      0    -1.05  -1.15   -1.5      0     0     0     0     1     0     0     0     0  -20000
   1   0     0    0      0.9   0     0    0      1.8   0      0      0     1.05   0       0        0     0     0     0     0    -1     0     0     0   30000
   0  -2.1   0    0      0    -0.8   0    0      0    -0.7    0      0     0     -1.5     0        0     0     0     0     0     0     1     0     0  -25700
   0   0    -1.1  0      0     0    -1    0      0     0     -1.2    0     0      0      -1.5      0     0     0     0     0     0     0     1     0  -23500
   0   0     0    0      0     0     0    0      0     0      0      0     0      0       0        0     0     0     0     0     0     0     0     1   -7850
   0   0.9   1.8  1.05   1.2   0.8   0.7  1.15  -0.7   1      1.2    1.5  -1.05   0       0        0     0     0     0     0     1     0     0     0  -30000
--------------------------------------------------
Coluna Pivot_id
1
--------------------------------------------------
Linha Pivot_id
5
--------------------------------------------------
Linha Atual: 
1
--------------------------------------------------
Matrix
  x0    x1    x2    x3    x4    x5    x6    x7    x8    x9    x10    x11    x12    x13    x14    x15    f0    f1    f2    f3    f4    f5    f6    f7       s
----  ----  ----  ----  ----  ----  ----  ----  ----  ----  -----  -----  -----  -----  -----  -----  ----  ----  ----  ----  ----  ----  ----  ----  ------
   0   0    -1.1  0      0.9   0.8   0    0      1.8   0.7    0      0     1.05   1.5     0        0     1     0     0     0    -1    -1     0     0   35200
   0   0     0    0     -0.9  -0.8  -1    0      0     0      0      0     0      0       0        0     0     1     0     0     0     0     0     0  -25300
   0   0     0    0      0     0     0    0     -1.8  -0.7   -1.2    0     0      0       0        0     0     0     1     0     0     0     0     0  -21000
   0   0     0    0      0     0     0    0      0     0      0      0    -1.05  -1.15   -1.5      0     0     0     0     1     0     0     0     0  -20000
   1   0     0    0      0.9   0     0    0      1.8   0      0      0     1.05   0       0        0     0     0     0     0    -1     0     0     0   30000
   0  -2.1   0    0      0    -0.8   0    0      0    -0.7    0      0     0     -1.5     0        0     0     0     0     0     0     1     0     0  -25700
   0   0    -1.1  0      0     0    -1    0      0     0     -1.2    0     0      0      -1.5      0     0     0     0     0     0     0     1     0  -23500
   0   0     0    0      0     0     0    0      0     0      0      0     0      0       0        0     0     0     0     0     0     0     0     1   -7850
   0   0.9   1.8  1.05   1.2   0.8   0.7  1.15  -0.7   1      1.2    1.5  -1.05   0       0        0     0     0     0     0     1     0     0     0  -30000
--------------------------------------------------
Coluna Pivot_id
1
--------------------------------------------------
Linha Pivot_id
5
--------------------------------------------------
Linha Atual: 
2
--------------------------------------------------
Matrix
  x0    x1    x2    x3    x4    x5    x6    x7    x8    x9    x10    x11    x12    x13    x14    x15    f0    f1    f2    f3    f4    f5    f6    f7       s
----  ----  ----  ----  ----  ----  ----  ----  ----  ----  -----  -----  -----  -----  -----  -----  ----  ----  ----  ----  ----  ----  ----  ----  ------
   0   0    -1.1  0      0.9   0.8   0    0      1.8   0.7    0      0     1.05   1.5     0        0     1     0     0     0    -1    -1     0     0   35200
   0   0     0    0     -0.9  -0.8  -1    0      0     0      0      0     0      0       0        0     0     1     0     0     0     0     0     0  -25300
   0   0     0    0      0     0     0    0     -1.8  -0.7   -1.2    0     0      0       0        0     0     0     1     0     0     0     0     0  -21000
   0   0     0    0      0     0     0    0      0     0      0      0    -1.05  -1.15   -1.5      0     0     0     0     1     0     0     0     0  -20000
   1   0     0    0      0.9   0     0    0      1.8   0      0      0     1.05   0       0        0     0     0     0     0    -1     0     0     0   30000
   0  -2.1   0    0      0    -0.8   0    0      0    -0.7    0      0     0     -1.5     0        0     0     0     0     0     0     1     0     0  -25700
   0   0    -1.1  0      0     0    -1    0      0     0     -1.2    0     0      0      -1.5      0     0     0     0     0     0     0     1     0  -23500
   0   0     0    0      0     0     0    0      0     0      0      0     0      0       0        0     0     0     0     0     0     0     0     1   -7850
   0   0.9   1.8  1.05   1.2   0.8   0.7  1.15  -0.7   1      1.2    1.5  -1.05   0       0        0     0     0     0     0     1     0     0     0  -30000
--------------------------------------------------
Coluna Pivot_id
1
--------------------------------------------------
Linha Pivot_id
5
--------------------------------------------------
Linha Atual: 
3
--------------------------------------------------
Matrix
  x0    x1    x2    x3    x4    x5    x6    x7    x8    x9    x10    x11    x12    x13    x14    x15    f0    f1    f2    f3    f4    f5    f6    f7       s
----  ----  ----  ----  ----  ----  ----  ----  ----  ----  -----  -----  -----  -----  -----  -----  ----  ----  ----  ----  ----  ----  ----  ----  ------
   0   0    -1.1  0      0.9   0.8   0    0      1.8   0.7    0      0     1.05   1.5     0        0     1     0     0     0    -1    -1     0     0   35200
   0   0     0    0     -0.9  -0.8  -1    0      0     0      0      0     0      0       0        0     0     1     0     0     0     0     0     0  -25300
   0   0     0    0      0     0     0    0     -1.8  -0.7   -1.2    0     0      0       0        0     0     0     1     0     0     0     0     0  -21000
   0   0     0    0      0     0     0    0      0     0      0      0    -1.05  -1.15   -1.5      0     0     0     0     1     0     0     0     0  -20000
   1   0     0    0      0.9   0     0    0      1.8   0      0      0     1.05   0       0        0     0     0     0     0    -1     0     0     0   30000
   0  -2.1   0    0      0    -0.8   0    0      0    -0.7    0      0     0     -1.5     0        0     0     0     0     0     0     1     0     0  -25700
   0   0    -1.1  0      0     0    -1    0      0     0     -1.2    0     0      0      -1.5      0     0     0     0     0     0     0     1     0  -23500
   0   0     0    0      0     0     0    0      0     0      0      0     0      0       0        0     0     0     0     0     0     0     0     1   -7850
   0   0.9   1.8  1.05   1.2   0.8   0.7  1.15  -0.7   1      1.2    1.5  -1.05   0       0        0     0     0     0     0     1     0     0     0  -30000
--------------------------------------------------
Coluna Pivot_id
1
--------------------------------------------------
Linha Pivot_id
5
--------------------------------------------------
Linha Atual: 
4
--------------------------------------------------
Matrix
  x0    x1    x2    x3    x4    x5    x6    x7    x8    x9    x10    x11    x12    x13    x14    x15    f0    f1    f2    f3    f4    f5    f6    f7       s
----  ----  ----  ----  ----  ----  ----  ----  ----  ----  -----  -----  -----  -----  -----  -----  ----  ----  ----  ----  ----  ----  ----  ----  ------
   0   0    -1.1  0      0.9   0.8   0    0      1.8   0.7    0      0     1.05   1.5     0        0     1     0     0     0    -1    -1     0     0   35200
   0   0     0    0     -0.9  -0.8  -1    0      0     0      0      0     0      0       0        0     0     1     0     0     0     0     0     0  -25300
   0   0     0    0      0     0     0    0     -1.8  -0.7   -1.2    0     0      0       0        0     0     0     1     0     0     0     0     0  -21000
   0   0     0    0      0     0     0    0      0     0      0      0    -1.05  -1.15   -1.5      0     0     0     0     1     0     0     0     0  -20000
   1   0     0    0      0.9   0     0    0      1.8   0      0      0     1.05   0       0        0     0     0     0     0    -1     0     0     0   30000
   0  -2.1   0    0      0    -0.8   0    0      0    -0.7    0      0     0     -1.5     0        0     0     0     0     0     0     1     0     0  -25700
   0   0    -1.1  0      0     0    -1    0      0     0     -1.2    0     0      0      -1.5      0     0     0     0     0     0     0     1     0  -23500
   0   0     0    0      0     0     0    0      0     0      0      0     0      0       0        0     0     0     0     0     0     0     0     1   -7850
   0   0.9   1.8  1.05   1.2   0.8   0.7  1.15  -0.7   1      1.2    1.5  -1.05   0       0        0     0     0     0     0     1     0     0     0  -30000
--------------------------------------------------
Coluna Pivot_id
1
--------------------------------------------------
Linha Pivot_id
5
--------------------------------------------------
Linha Atual: 
6
--------------------------------------------------
Matrix
  x0    x1    x2    x3    x4    x5    x6    x7    x8    x9    x10    x11    x12    x13    x14    x15    f0    f1    f2    f3    f4    f5    f6    f7       s
----  ----  ----  ----  ----  ----  ----  ----  ----  ----  -----  -----  -----  -----  -----  -----  ----  ----  ----  ----  ----  ----  ----  ----  ------
   0   0    -1.1  0      0.9   0.8   0    0      1.8   0.7    0      0     1.05   1.5     0        0     1     0     0     0    -1    -1     0     0   35200
   0   0     0    0     -0.9  -0.8  -1    0      0     0      0      0     0      0       0        0     0     1     0     0     0     0     0     0  -25300
   0   0     0    0      0     0     0    0     -1.8  -0.7   -1.2    0     0      0       0        0     0     0     1     0     0     0     0     0  -21000
   0   0     0    0      0     0     0    0      0     0      0      0    -1.05  -1.15   -1.5      0     0     0     0     1     0     0     0     0  -20000
   1   0     0    0      0.9   0     0    0      1.8   0      0      0     1.05   0       0        0     0     0     0     0    -1     0     0     0   30000
   0  -2.1   0    0      0    -0.8   0    0      0    -0.7    0      0     0     -1.5     0        0     0     0     0     0     0     1     0     0  -25700
   0   0    -1.1  0      0     0    -1    0      0     0     -1.2    0     0      0      -1.5      0     0     0     0     0     0     0     1     0  -23500
   0   0     0    0      0     0     0    0      0     0      0      0     0      0       0        0     0     0     0     0     0     0     0     1   -7850
   0   0.9   1.8  1.05   1.2   0.8   0.7  1.15  -0.7   1      1.2    1.5  -1.05   0       0        0     0     0     0     0     1     0     0     0  -30000
--------------------------------------------------
Coluna Pivot_id
1
--------------------------------------------------
Linha Pivot_id
5
--------------------------------------------------
Linha Atual: 
7
--------------------------------------------------
Matrix
  x0    x1    x2    x3    x4    x5    x6    x7    x8    x9    x10    x11    x12    x13    x14    x15    f0    f1    f2    f3    f4    f5    f6    f7       s
----  ----  ----  ----  ----  ----  ----  ----  ----  ----  -----  -----  -----  -----  -----  -----  ----  ----  ----  ----  ----  ----  ----  ----  ------
   0   0    -1.1  0      0.9   0.8   0    0      1.8   0.7    0      0     1.05   1.5     0        0     1     0     0     0    -1    -1     0     0   35200
   0   0     0    0     -0.9  -0.8  -1    0      0     0      0      0     0      0       0        0     0     1     0     0     0     0     0     0  -25300
   0   0     0    0      0     0     0    0     -1.8  -0.7   -1.2    0     0      0       0        0     0     0     1     0     0     0     0     0  -21000
   0   0     0    0      0     0     0    0      0     0      0      0    -1.05  -1.15   -1.5      0     0     0     0     1     0     0     0     0  -20000
   1   0     0    0      0.9   0     0    0      1.8   0      0      0     1.05   0       0        0     0     0     0     0    -1     0     0     0   30000
   0  -2.1   0    0      0    -0.8   0    0      0    -0.7    0      0     0     -1.5     0        0     0     0     0     0     0     1     0     0  -25700
   0   0    -1.1  0      0     0    -1    0      0     0     -1.2    0     0      0      -1.5      0     0     0     0     0     0     0     1     0  -23500
   0   0     0    0      0     0     0    0      0     0      0      0     0      0       0        0     0     0     0     0     0     0     0     1   -7850
   0   0.9   1.8  1.05   1.2   0.8   0.7  1.15  -0.7   1      1.2    1.5  -1.05   0       0        0     0     0     0     0     1     0     0     0  -30000
--------------------------------------------------
Coluna Pivot_id
1
--------------------------------------------------
Linha Pivot_id
5
--------------------------------------------------
Linha Atual: 
8
--------------------------------------------------
Matrix
  x0    x1    x2    x3    x4    x5    x6    x7    x8    x9    x10    x11    x12    x13    x14    x15    f0    f1    f2    f3    f4    f5    f6    f7       s
----  ----  ----  ----  ----  ----  ----  ----  ----  ----  -----  -----  -----  -----  -----  -----  ----  ----  ----  ----  ----  ----  ----  ----  ------
   0   0    -1.1  0      0.9   0.8   0    0      1.8   0.7    0      0     1.05   1.5     0        0     1     0     0     0    -1    -1     0     0   35200
   0   0     0    0     -0.9  -0.8  -1    0      0     0      0      0     0      0       0        0     0     1     0     0     0     0     0     0  -25300
   0   0     0    0      0     0     0    0     -1.8  -0.7   -1.2    0     0      0       0        0     0     0     1     0     0     0     0     0  -21000
   0   0     0    0      0     0     0    0      0     0      0      0    -1.05  -1.15   -1.5      0     0     0     0     1     0     0     0     0  -20000
   1   0     0    0      0.9   0     0    0      1.8   0      0      0     1.05   0       0        0     0     0     0     0    -1     0     0     0   30000
   0  -2.1   0    0      0    -0.8   0    0      0    -0.7    0      0     0     -1.5     0        0     0     0     0     0     0     1     0     0  -25700
   0   0    -1.1  0      0     0    -1    0      0     0     -1.2    0     0      0      -1.5      0     0     0     0     0     0     0     1     0  -23500
   0   0     0    0      0     0     0    0      0     0      0      0     0      0       0        0     0     0     0     0     0     0     0     1   -7850
   0   0.9   1.8  1.05   1.2   0.8   0.7  1.15  -0.7   1      1.2    1.5  -1.05   0       0        0     0     0     0     0     1     0     0     0  -30000
--------------------------------------------------
Coluna Pivot_id
1
--------------------------------------------------
Linha Pivot_id
5
--------------------------------------------------
Matrix
  x0       x1    x2    x3    x4       x5    x6    x7    x8       x9    x10    x11    x12      x13    x14    x15    f0    f1    f2    f3    f4      f5    f6    f7         s
----  -------  ----  ----  ----  -------  ----  ----  ----  -------  -----  -----  -----  -------  -----  -----  ----  ----  ----  ----  ----  ------  ----  ----  --------
   0   0       -1.1  0      0.9   0.8      0    0      1.8   0.7       0      0     1.05   1.5       0        0     1     0     0     0    -1  -1         0     0   35200
   0   0        0    0     -0.9  -0.8     -1    0      0     0         0      0     0      0         0        0     0     1     0     0     0   0         0     0  -25300
   0   0        0    0      0     0        0    0     -1.8  -0.7      -1.2    0     0      0         0        0     0     0     1     0     0   0         0     0  -21000
   0   0        0    0      0     0        0    0      0     0         0      0    -1.05  -1.15     -1.5      0     0     0     0     1     0   0         0     0  -20000
   1   0        0    0      0.9   0        0    0      1.8   0         0      0     1.05   0         0        0     0     0     0     0    -1   0         0     0   30000
   0   1        0    0      0     0.381    0    0      0     0.333     0      0     0      0.714     0        0     0     0     0     0     0  -0.476     0     0   12238.1
   0   0       -1.1  0      0     0       -1    0      0     0        -1.2    0     0      0        -1.5      0     0     0     0     0     0   0         1     0  -23500
   0   0        0    0      0     0        0    0      0     0         0      0     0      0         0        0     0     0     0     0     0   0         0     1   -7850
   0  -0.0009   1.8  1.05   1.2   0.4568   0.7  1.15  -0.7   0.6997    1.2    1.5  -1.05  -0.6435    0        0     0     0     0     0     1   0.429     0     0  -41025.3
--------------------------------------------------
Coluna Pivot_id
5
--------------------------------------------------
Linha Pivot_id
1
--------------------------------------------------
Iteração Atual: 
3
--------------------------------------------------
Linha Atual: 
0
--------------------------------------------------
Matrix
  x0       x1    x2    x3    x4       x5    x6    x7    x8       x9    x10    x11    x12      x13    x14    x15    f0    f1    f2    f3    f4      f5    f6    f7         s
----  -------  ----  ----  ----  -------  ----  ----  ----  -------  -----  -----  -----  -------  -----  -----  ----  ----  ----  ----  ----  ------  ----  ----  --------
   0   0       -1.1  0      0.9   0.8      0    0      1.8   0.7       0      0     1.05   1.5       0        0     1     0     0     0    -1  -1         0     0   35200
   0   0        0    0     -0.9  -0.8     -1    0      0     0         0      0     0      0         0        0     0     1     0     0     0   0         0     0  -25300
   0   0        0    0      0     0        0    0     -1.8  -0.7      -1.2    0     0      0         0        0     0     0     1     0     0   0         0     0  -21000
   0   0        0    0      0     0        0    0      0     0         0      0    -1.05  -1.15     -1.5      0     0     0     0     1     0   0         0     0  -20000
   1   0        0    0      0.9   0        0    0      1.8   0         0      0     1.05   0         0        0     0     0     0     0    -1   0         0     0   30000
   0   1        0    0      0     0.381    0    0      0     0.333     0      0     0      0.714     0        0     0     0     0     0     0  -0.476     0     0   12238.1
   0   0       -1.1  0      0     0       -1    0      0     0        -1.2    0     0      0        -1.5      0     0     0     0     0     0   0         1     0  -23500
   0   0        0    0      0     0        0    0      0     0         0      0     0      0         0        0     0     0     0     0     0   0         0     1   -7850
   0  -0.0009   1.8  1.05   1.2   0.4568   0.7  1.15  -0.7   0.6997    1.2    1.5  -1.05  -0.6435    0        0     0     0     0     0     1   0.429     0     0  -41025.3
--------------------------------------------------
Coluna Pivot_id
5
--------------------------------------------------
Linha Pivot_id
1
--------------------------------------------------
Linha Atual: 
2
--------------------------------------------------
Matrix
  x0       x1    x2    x3    x4       x5    x6    x7    x8       x9    x10    x11    x12      x13    x14    x15    f0    f1    f2    f3    f4      f5    f6    f7         s
----  -------  ----  ----  ----  -------  ----  ----  ----  -------  -----  -----  -----  -------  -----  -----  ----  ----  ----  ----  ----  ------  ----  ----  --------
   0   0       -1.1  0      0     0       -1    0      1.8   0.7       0      0     1.05   1.5       0        0     1     1     0     0    -1  -1         0     0    9900
   0   0        0    0     -0.9  -0.8     -1    0      0     0         0      0     0      0         0        0     0     1     0     0     0   0         0     0  -25300
   0   0        0    0      0     0        0    0     -1.8  -0.7      -1.2    0     0      0         0        0     0     0     1     0     0   0         0     0  -21000
   0   0        0    0      0     0        0    0      0     0         0      0    -1.05  -1.15     -1.5      0     0     0     0     1     0   0         0     0  -20000
   1   0        0    0      0.9   0        0    0      1.8   0         0      0     1.05   0         0        0     0     0     0     0    -1   0         0     0   30000
   0   1        0    0      0     0.381    0    0      0     0.333     0      0     0      0.714     0        0     0     0     0     0     0  -0.476     0     0   12238.1
   0   0       -1.1  0      0     0       -1    0      0     0        -1.2    0     0      0        -1.5      0     0     0     0     0     0   0         1     0  -23500
   0   0        0    0      0     0        0    0      0     0         0      0     0      0         0        0     0     0     0     0     0   0         0     1   -7850
   0  -0.0009   1.8  1.05   1.2   0.4568   0.7  1.15  -0.7   0.6997    1.2    1.5  -1.05  -0.6435    0        0     0     0     0     0     1   0.429     0     0  -41025.3
--------------------------------------------------
Coluna Pivot_id
5
--------------------------------------------------
Linha Pivot_id
1
--------------------------------------------------
Linha Atual: 
3
--------------------------------------------------
Matrix
  x0       x1    x2    x3    x4       x5    x6    x7    x8       x9    x10    x11    x12      x13    x14    x15    f0    f1    f2    f3    f4      f5    f6    f7         s
----  -------  ----  ----  ----  -------  ----  ----  ----  -------  -----  -----  -----  -------  -----  -----  ----  ----  ----  ----  ----  ------  ----  ----  --------
   0   0       -1.1  0      0     0       -1    0      1.8   0.7       0      0     1.05   1.5       0        0     1     1     0     0    -1  -1         0     0    9900
   0   0        0    0     -0.9  -0.8     -1    0      0     0         0      0     0      0         0        0     0     1     0     0     0   0         0     0  -25300
   0   0        0    0      0     0        0    0     -1.8  -0.7      -1.2    0     0      0         0        0     0     0     1     0     0   0         0     0  -21000
   0   0        0    0      0     0        0    0      0     0         0      0    -1.05  -1.15     -1.5      0     0     0     0     1     0   0         0     0  -20000
   1   0        0    0      0.9   0        0    0      1.8   0         0      0     1.05   0         0        0     0     0     0     0    -1   0         0     0   30000
   0   1        0    0      0     0.381    0    0      0     0.333     0      0     0      0.714     0        0     0     0     0     0     0  -0.476     0     0   12238.1
   0   0       -1.1  0      0     0       -1    0      0     0        -1.2    0     0      0        -1.5      0     0     0     0     0     0   0         1     0  -23500
   0   0        0    0      0     0        0    0      0     0         0      0     0      0         0        0     0     0     0     0     0   0         0     1   -7850
   0  -0.0009   1.8  1.05   1.2   0.4568   0.7  1.15  -0.7   0.6997    1.2    1.5  -1.05  -0.6435    0        0     0     0     0     0     1   0.429     0     0  -41025.3
--------------------------------------------------
Coluna Pivot_id
5
--------------------------------------------------
Linha Pivot_id
1
--------------------------------------------------
Linha Atual: 
4
--------------------------------------------------
Matrix
  x0       x1    x2    x3    x4       x5    x6    x7    x8       x9    x10    x11    x12      x13    x14    x15    f0    f1    f2    f3    f4      f5    f6    f7         s
----  -------  ----  ----  ----  -------  ----  ----  ----  -------  -----  -----  -----  -------  -----  -----  ----  ----  ----  ----  ----  ------  ----  ----  --------
   0   0       -1.1  0      0     0       -1    0      1.8   0.7       0      0     1.05   1.5       0        0     1     1     0     0    -1  -1         0     0    9900
   0   0        0    0     -0.9  -0.8     -1    0      0     0         0      0     0      0         0        0     0     1     0     0     0   0         0     0  -25300
   0   0        0    0      0     0        0    0     -1.8  -0.7      -1.2    0     0      0         0        0     0     0     1     0     0   0         0     0  -21000
   0   0        0    0      0     0        0    0      0     0         0      0    -1.05  -1.15     -1.5      0     0     0     0     1     0   0         0     0  -20000
   1   0        0    0      0.9   0        0    0      1.8   0         0      0     1.05   0         0        0     0     0     0     0    -1   0         0     0   30000
   0   1        0    0      0     0.381    0    0      0     0.333     0      0     0      0.714     0        0     0     0     0     0     0  -0.476     0     0   12238.1
   0   0       -1.1  0      0     0       -1    0      0     0        -1.2    0     0      0        -1.5      0     0     0     0     0     0   0         1     0  -23500
   0   0        0    0      0     0        0    0      0     0         0      0     0      0         0        0     0     0     0     0     0   0         0     1   -7850
   0  -0.0009   1.8  1.05   1.2   0.4568   0.7  1.15  -0.7   0.6997    1.2    1.5  -1.05  -0.6435    0        0     0     0     0     0     1   0.429     0     0  -41025.3
--------------------------------------------------
Coluna Pivot_id
5
--------------------------------------------------
Linha Pivot_id
1
--------------------------------------------------
Linha Atual: 
5
--------------------------------------------------
Matrix
  x0       x1    x2    x3    x4       x5    x6    x7    x8       x9    x10    x11    x12      x13    x14    x15    f0    f1    f2    f3    f4      f5    f6    f7         s
----  -------  ----  ----  ----  -------  ----  ----  ----  -------  -----  -----  -----  -------  -----  -----  ----  ----  ----  ----  ----  ------  ----  ----  --------
   0   0       -1.1  0      0     0       -1    0      1.8   0.7       0      0     1.05   1.5       0        0     1     1     0     0    -1  -1         0     0    9900
   0   0        0    0     -0.9  -0.8     -1    0      0     0         0      0     0      0         0        0     0     1     0     0     0   0         0     0  -25300
   0   0        0    0      0     0        0    0     -1.8  -0.7      -1.2    0     0      0         0        0     0     0     1     0     0   0         0     0  -21000
   0   0        0    0      0     0        0    0      0     0         0      0    -1.05  -1.15     -1.5      0     0     0     0     1     0   0         0     0  -20000
   1   0        0    0      0.9   0        0    0      1.8   0         0      0     1.05   0         0        0     0     0     0     0    -1   0         0     0   30000
   0   1        0    0      0     0.381    0    0      0     0.333     0      0     0      0.714     0        0     0     0     0     0     0  -0.476     0     0   12238.1
   0   0       -1.1  0      0     0       -1    0      0     0        -1.2    0     0      0        -1.5      0     0     0     0     0     0   0         1     0  -23500
   0   0        0    0      0     0        0    0      0     0         0      0     0      0         0        0     0     0     0     0     0   0         0     1   -7850
   0  -0.0009   1.8  1.05   1.2   0.4568   0.7  1.15  -0.7   0.6997    1.2    1.5  -1.05  -0.6435    0        0     0     0     0     0     1   0.429     0     0  -41025.3
--------------------------------------------------
Coluna Pivot_id
5
--------------------------------------------------
Linha Pivot_id
1
--------------------------------------------------
Linha Atual: 
6
--------------------------------------------------
Matrix
  x0       x1    x2    x3       x4       x5      x6    x7    x8       x9    x10    x11    x12      x13    x14    x15    f0     f1    f2    f3    f4      f5    f6    f7           s
----  -------  ----  ----  -------  -------  ------  ----  ----  -------  -----  -----  -----  -------  -----  -----  ----  -----  ----  ----  ----  ------  ----  ----  ----------
   0   0       -1.1  0      0        0       -1      0      1.8   0.7       0      0     1.05   1.5       0        0     1  1         0     0    -1  -1         0     0    9900
   0   0        0    0     -0.9     -0.8     -1      0      0     0         0      0     0      0         0        0     0  1         0     0     0   0         0     0  -25300
   0   0        0    0      0        0        0      0     -1.8  -0.7      -1.2    0     0      0         0        0     0  0         1     0     0   0         0     0  -21000
   0   0        0    0      0        0        0      0      0     0         0      0    -1.05  -1.15     -1.5      0     0  0         0     1     0   0         0     0  -20000
   1   0        0    0      0.9      0        0      0      1.8   0         0      0     1.05   0         0        0     0  0         0     0    -1   0         0     0   30000
   0   1        0    0     -0.4284   0.0002  -0.476  0      0     0.333     0      0     0      0.714     0        0     0  0.476     0     0     0  -0.476     0     0     195.295
   0   0       -1.1  0      0        0       -1      0      0     0        -1.2    0     0      0        -1.5      0     0  0         0     0     0   0         1     0  -23500
   0   0        0    0      0        0        0      0      0     0         0      0     0      0         0        0     0  0         0     0     0   0         0     1   -7850
   0  -0.0009   1.8  1.05   1.2      0.4568   0.7    1.15  -0.7   0.6997    1.2    1.5  -1.05  -0.6435    0        0     0  0         0     0     1   0.429     0     0  -41025.3
--------------------------------------------------
Coluna Pivot_id
5
--------------------------------------------------
Linha Pivot_id
1
--------------------------------------------------
Linha Atual: 
7
--------------------------------------------------
Matrix
  x0       x1    x2    x3       x4       x5      x6    x7    x8       x9    x10    x11    x12      x13    x14    x15    f0     f1    f2    f3    f4      f5    f6    f7           s
----  -------  ----  ----  -------  -------  ------  ----  ----  -------  -----  -----  -----  -------  -----  -----  ----  -----  ----  ----  ----  ------  ----  ----  ----------
   0   0       -1.1  0      0        0       -1      0      1.8   0.7       0      0     1.05   1.5       0        0     1  1         0     0    -1  -1         0     0    9900
   0   0        0    0     -0.9     -0.8     -1      0      0     0         0      0     0      0         0        0     0  1         0     0     0   0         0     0  -25300
   0   0        0    0      0        0        0      0     -1.8  -0.7      -1.2    0     0      0         0        0     0  0         1     0     0   0         0     0  -21000
   0   0        0    0      0        0        0      0      0     0         0      0    -1.05  -1.15     -1.5      0     0  0         0     1     0   0         0     0  -20000
   1   0        0    0      0.9      0        0      0      1.8   0         0      0     1.05   0         0        0     0  0         0     0    -1   0         0     0   30000
   0   1        0    0     -0.4284   0.0002  -0.476  0      0     0.333     0      0     0      0.714     0        0     0  0.476     0     0     0  -0.476     0     0     195.295
   0   0       -1.1  0      0        0       -1      0      0     0        -1.2    0     0      0        -1.5      0     0  0         0     0     0   0         1     0  -23500
   0   0        0    0      0        0        0      0      0     0         0      0     0      0         0        0     0  0         0     0     0   0         0     1   -7850
   0  -0.0009   1.8  1.05   1.2      0.4568   0.7    1.15  -0.7   0.6997    1.2    1.5  -1.05  -0.6435    0        0     0  0         0     0     1   0.429     0     0  -41025.3
--------------------------------------------------
Coluna Pivot_id
5
--------------------------------------------------
Linha Pivot_id
1
--------------------------------------------------
Linha Atual: 
8
--------------------------------------------------
Matrix
  x0       x1    x2    x3       x4       x5      x6    x7    x8       x9    x10    x11    x12      x13    x14    x15    f0     f1    f2    f3    f4      f5    f6    f7           s
----  -------  ----  ----  -------  -------  ------  ----  ----  -------  -----  -----  -----  -------  -----  -----  ----  -----  ----  ----  ----  ------  ----  ----  ----------
   0   0       -1.1  0      0        0       -1      0      1.8   0.7       0      0     1.05   1.5       0        0     1  1         0     0    -1  -1         0     0    9900
   0   0        0    0     -0.9     -0.8     -1      0      0     0         0      0     0      0         0        0     0  1         0     0     0   0         0     0  -25300
   0   0        0    0      0        0        0      0     -1.8  -0.7      -1.2    0     0      0         0        0     0  0         1     0     0   0         0     0  -21000
   0   0        0    0      0        0        0      0      0     0         0      0    -1.05  -1.15     -1.5      0     0  0         0     1     0   0         0     0  -20000
   1   0        0    0      0.9      0        0      0      1.8   0         0      0     1.05   0         0        0     0  0         0     0    -1   0         0     0   30000
   0   1        0    0     -0.4284   0.0002  -0.476  0      0     0.333     0      0     0      0.714     0        0     0  0.476     0     0     0  -0.476     0     0     195.295
   0   0       -1.1  0      0        0       -1      0      0     0        -1.2    0     0      0        -1.5      0     0  0         0     0     0   0         1     0  -23500
   0   0        0    0      0        0        0      0      0     0         0      0     0      0         0        0     0  0         0     0     0   0         0     1   -7850
   0  -0.0009   1.8  1.05   1.2      0.4568   0.7    1.15  -0.7   0.6997    1.2    1.5  -1.05  -0.6435    0        0     0  0         0     0     1   0.429     0     0  -41025.3
--------------------------------------------------
Coluna Pivot_id
5
--------------------------------------------------
Linha Pivot_id
1
--------------------------------------------------
Matrix
  x0       x1    x2    x3       x4           x5      x6    x7    x8       x9    x10    x11    x12      x13    x14    x15    f0      f1    f2    f3    f4      f5    f6    f7           s
----  -------  ----  ----  -------  -----------  ------  ----  ----  -------  -----  -----  -----  -------  -----  -----  ----  ------  ----  ----  ----  ------  ----  ----  ----------
   0   0       -1.1  0      0       0            -1      0      1.8   0.7       0      0     1.05   1.5       0        0     1   1         0     0    -1  -1         0     0    9900
   0   0        0    0      1.125   1             1.25   0      0     0         0      0     0      0         0        0     0  -1.25      0     0     0   0         0     0   31625
   0   0        0    0      0       0             0      0     -1.8  -0.7      -1.2    0     0      0         0        0     0   0         1     0     0   0         0     0  -21000
   0   0        0    0      0       0             0      0      0     0         0      0    -1.05  -1.15     -1.5      0     0   0         0     1     0   0         0     0  -20000
   1   0        0    0      0.9     0             0      0      1.8   0         0      0     1.05   0         0        0     0   0         0     0    -1   0         0     0   30000
   0   1        0    0     -0.4284  0.0002       -0.476  0      0     0.333     0      0     0      0.714     0        0     0   0.476     0     0     0  -0.476     0     0     195.295
   0   0       -1.1  0      0       0            -1      0      0     0        -1.2    0     0      0        -1.5      0     0   0         0     0     0   0         1     0  -23500
   0   0        0    0      0       0             0      0      0     0         0      0     0      0         0        0     0   0         0     0     0   0         0     1   -7850
   0  -0.0009   1.8  1.05   0.6861  5.55112e-17   0.129  1.15  -0.7   0.6997    1.2    1.5  -1.05  -0.6435    0        0     0   0.571     0     0     1   0.429     0     0  -55471.6
--------------------------------------------------
Coluna Pivot_id
6
--------------------------------------------------
Linha Pivot_id
6
--------------------------------------------------
Iteração Atual: 
4
--------------------------------------------------
Linha Atual: 
0
--------------------------------------------------
Matrix
  x0       x1    x2    x3       x4           x5      x6    x7    x8       x9    x10    x11    x12      x13    x14    x15    f0      f1    f2    f3    f4      f5    f6    f7           s
----  -------  ----  ----  -------  -----------  ------  ----  ----  -------  -----  -----  -----  -------  -----  -----  ----  ------  ----  ----  ----  ------  ----  ----  ----------
   0   0       -1.1  0      0       0            -1      0      1.8   0.7       0      0     1.05   1.5       0        0     1   1         0     0    -1  -1         0     0    9900
   0   0        0    0      1.125   1             1.25   0      0     0         0      0     0      0         0        0     0  -1.25      0     0     0   0         0     0   31625
   0   0        0    0      0       0             0      0     -1.8  -0.7      -1.2    0     0      0         0        0     0   0         1     0     0   0         0     0  -21000
   0   0        0    0      0       0             0      0      0     0         0      0    -1.05  -1.15     -1.5      0     0   0         0     1     0   0         0     0  -20000
   1   0        0    0      0.9     0             0      0      1.8   0         0      0     1.05   0         0        0     0   0         0     0    -1   0         0     0   30000
   0   1        0    0     -0.4284  0.0002       -0.476  0      0     0.333     0      0     0      0.714     0        0     0   0.476     0     0     0  -0.476     0     0     195.295
   0   0       -1.1  0      0       0            -1      0      0     0        -1.2    0     0      0        -1.5      0     0   0         0     0     0   0         1     0  -23500
   0   0        0    0      0       0             0      0      0     0         0      0     0      0         0        0     0   0         0     0     0   0         0     1   -7850
   0  -0.0009   1.8  1.05   0.6861  5.55112e-17   0.129  1.15  -0.7   0.6997    1.2    1.5  -1.05  -0.6435    0        0     0   0.571     0     0     1   0.429     0     0  -55471.6
--------------------------------------------------
Coluna Pivot_id
6
--------------------------------------------------
Linha Pivot_id
6
--------------------------------------------------
Linha Atual: 
1
--------------------------------------------------
Matrix
  x0       x1    x2    x3       x4           x5      x6    x7    x8       x9    x10    x11    x12      x13    x14    x15    f0      f1    f2    f3    f4      f5    f6    f7           s
----  -------  ----  ----  -------  -----------  ------  ----  ----  -------  -----  -----  -----  -------  -----  -----  ----  ------  ----  ----  ----  ------  ----  ----  ----------
   0   0        0    0      0       0             0      0      1.8   0.7       1.2    0     1.05   1.5       1.5      0     1   1         0     0    -1  -1        -1     0   33400
   0   0        0    0      1.125   1             1.25   0      0     0         0      0     0      0         0        0     0  -1.25      0     0     0   0         0     0   31625
   0   0        0    0      0       0             0      0     -1.8  -0.7      -1.2    0     0      0         0        0     0   0         1     0     0   0         0     0  -21000
   0   0        0    0      0       0             0      0      0     0         0      0    -1.05  -1.15     -1.5      0     0   0         0     1     0   0         0     0  -20000
   1   0        0    0      0.9     0             0      0      1.8   0         0      0     1.05   0         0        0     0   0         0     0    -1   0         0     0   30000
   0   1        0    0     -0.4284  0.0002       -0.476  0      0     0.333     0      0     0      0.714     0        0     0   0.476     0     0     0  -0.476     0     0     195.295
   0   0       -1.1  0      0       0            -1      0      0     0        -1.2    0     0      0        -1.5      0     0   0         0     0     0   0         1     0  -23500
   0   0        0    0      0       0             0      0      0     0         0      0     0      0         0        0     0   0         0     0     0   0         0     1   -7850
   0  -0.0009   1.8  1.05   0.6861  5.55112e-17   0.129  1.15  -0.7   0.6997    1.2    1.5  -1.05  -0.6435    0        0     0   0.571     0     0     1   0.429     0     0  -55471.6
--------------------------------------------------
Coluna Pivot_id
6
--------------------------------------------------
Linha Pivot_id
6
--------------------------------------------------
Linha Atual: 
2
--------------------------------------------------
Matrix
  x0       x1      x2    x3       x4           x5      x6    x7    x8       x9    x10    x11    x12      x13     x14    x15    f0      f1    f2    f3    f4      f5     f6    f7           s
----  -------  ------  ----  -------  -----------  ------  ----  ----  -------  -----  -----  -----  -------  ------  -----  ----  ------  ----  ----  ----  ------  -----  ----  ----------
   0   0        0      0      0       0             0      0      1.8   0.7       1.2    0     1.05   1.5      1.5        0     1   1         0     0    -1  -1      -1        0   33400
   0   0       -1.375  0      1.125   1             0      0      0     0        -1.5    0     0      0       -1.875      0     0  -1.25      0     0     0   0       1.25     0    2250
   0   0        0      0      0       0             0      0     -1.8  -0.7      -1.2    0     0      0        0          0     0   0         1     0     0   0       0        0  -21000
   0   0        0      0      0       0             0      0      0     0         0      0    -1.05  -1.15    -1.5        0     0   0         0     1     0   0       0        0  -20000
   1   0        0      0      0.9     0             0      0      1.8   0         0      0     1.05   0        0          0     0   0         0     0    -1   0       0        0   30000
   0   1        0      0     -0.4284  0.0002       -0.476  0      0     0.333     0      0     0      0.714    0          0     0   0.476     0     0     0  -0.476   0        0     195.295
   0   0       -1.1    0      0       0            -1      0      0     0        -1.2    0     0      0       -1.5        0     0   0         0     0     0   0       1        0  -23500
   0   0        0      0      0       0             0      0      0     0         0      0     0      0        0          0     0   0         0     0     0   0       0        1   -7850
   0  -0.0009   1.8    1.05   0.6861  5.55112e-17   0.129  1.15  -0.7   0.6997    1.2    1.5  -1.05  -0.6435   0          0     0   0.571     0     0     1   0.429   0        0  -55471.6
--------------------------------------------------
Coluna Pivot_id
6
--------------------------------------------------
Linha Pivot_id
6
--------------------------------------------------
Linha Atual: 
3
--------------------------------------------------
Matrix
  x0       x1      x2    x3       x4           x5      x6    x7    x8       x9    x10    x11    x12      x13     x14    x15    f0      f1    f2    f3    f4      f5     f6    f7           s
----  -------  ------  ----  -------  -----------  ------  ----  ----  -------  -----  -----  -----  -------  ------  -----  ----  ------  ----  ----  ----  ------  -----  ----  ----------
   0   0        0      0      0       0             0      0      1.8   0.7       1.2    0     1.05   1.5      1.5        0     1   1         0     0    -1  -1      -1        0   33400
   0   0       -1.375  0      1.125   1             0      0      0     0        -1.5    0     0      0       -1.875      0     0  -1.25      0     0     0   0       1.25     0    2250
   0   0        0      0      0       0             0      0     -1.8  -0.7      -1.2    0     0      0        0          0     0   0         1     0     0   0       0        0  -21000
   0   0        0      0      0       0             0      0      0     0         0      0    -1.05  -1.15    -1.5        0     0   0         0     1     0   0       0        0  -20000
   1   0        0      0      0.9     0             0      0      1.8   0         0      0     1.05   0        0          0     0   0         0     0    -1   0       0        0   30000
   0   1        0      0     -0.4284  0.0002       -0.476  0      0     0.333     0      0     0      0.714    0          0     0   0.476     0     0     0  -0.476   0        0     195.295
   0   0       -1.1    0      0       0            -1      0      0     0        -1.2    0     0      0       -1.5        0     0   0         0     0     0   0       1        0  -23500
   0   0        0      0      0       0             0      0      0     0         0      0     0      0        0          0     0   0         0     0     0   0       0        1   -7850
   0  -0.0009   1.8    1.05   0.6861  5.55112e-17   0.129  1.15  -0.7   0.6997    1.2    1.5  -1.05  -0.6435   0          0     0   0.571     0     0     1   0.429   0        0  -55471.6
--------------------------------------------------
Coluna Pivot_id
6
--------------------------------------------------
Linha Pivot_id
6
--------------------------------------------------
Linha Atual: 
4
--------------------------------------------------
Matrix
  x0       x1      x2    x3       x4           x5      x6    x7    x8       x9    x10    x11    x12      x13     x14    x15    f0      f1    f2    f3    f4      f5     f6    f7           s
----  -------  ------  ----  -------  -----------  ------  ----  ----  -------  -----  -----  -----  -------  ------  -----  ----  ------  ----  ----  ----  ------  -----  ----  ----------
   0   0        0      0      0       0             0      0      1.8   0.7       1.2    0     1.05   1.5      1.5        0     1   1         0     0    -1  -1      -1        0   33400
   0   0       -1.375  0      1.125   1             0      0      0     0        -1.5    0     0      0       -1.875      0     0  -1.25      0     0     0   0       1.25     0    2250
   0   0        0      0      0       0             0      0     -1.8  -0.7      -1.2    0     0      0        0          0     0   0         1     0     0   0       0        0  -21000
   0   0        0      0      0       0             0      0      0     0         0      0    -1.05  -1.15    -1.5        0     0   0         0     1     0   0       0        0  -20000
   1   0        0      0      0.9     0             0      0      1.8   0         0      0     1.05   0        0          0     0   0         0     0    -1   0       0        0   30000
   0   1        0      0     -0.4284  0.0002       -0.476  0      0     0.333     0      0     0      0.714    0          0     0   0.476     0     0     0  -0.476   0        0     195.295
   0   0       -1.1    0      0       0            -1      0      0     0        -1.2    0     0      0       -1.5        0     0   0         0     0     0   0       1        0  -23500
   0   0        0      0      0       0             0      0      0     0         0      0     0      0        0          0     0   0         0     0     0   0       0        1   -7850
   0  -0.0009   1.8    1.05   0.6861  5.55112e-17   0.129  1.15  -0.7   0.6997    1.2    1.5  -1.05  -0.6435   0          0     0   0.571     0     0     1   0.429   0        0  -55471.6
--------------------------------------------------
Coluna Pivot_id
6
--------------------------------------------------
Linha Pivot_id
6
--------------------------------------------------
Linha Atual: 
5
--------------------------------------------------
Matrix
  x0       x1      x2    x3       x4           x5      x6    x7    x8       x9    x10    x11    x12      x13     x14    x15    f0      f1    f2    f3    f4      f5     f6    f7           s
----  -------  ------  ----  -------  -----------  ------  ----  ----  -------  -----  -----  -----  -------  ------  -----  ----  ------  ----  ----  ----  ------  -----  ----  ----------
   0   0        0      0      0       0             0      0      1.8   0.7       1.2    0     1.05   1.5      1.5        0     1   1         0     0    -1  -1      -1        0   33400
   0   0       -1.375  0      1.125   1             0      0      0     0        -1.5    0     0      0       -1.875      0     0  -1.25      0     0     0   0       1.25     0    2250
   0   0        0      0      0       0             0      0     -1.8  -0.7      -1.2    0     0      0        0          0     0   0         1     0     0   0       0        0  -21000
   0   0        0      0      0       0             0      0      0     0         0      0    -1.05  -1.15    -1.5        0     0   0         0     1     0   0       0        0  -20000
   1   0        0      0      0.9     0             0      0      1.8   0         0      0     1.05   0        0          0     0   0         0     0    -1   0       0        0   30000
   0   1        0      0     -0.4284  0.0002       -0.476  0      0     0.333     0      0     0      0.714    0          0     0   0.476     0     0     0  -0.476   0        0     195.295
   0   0       -1.1    0      0       0            -1      0      0     0        -1.2    0     0      0       -1.5        0     0   0         0     0     0   0       1        0  -23500
   0   0        0      0      0       0             0      0      0     0         0      0     0      0        0          0     0   0         0     0     0   0       0        1   -7850
   0  -0.0009   1.8    1.05   0.6861  5.55112e-17   0.129  1.15  -0.7   0.6997    1.2    1.5  -1.05  -0.6435   0          0     0   0.571     0     0     1   0.429   0        0  -55471.6
--------------------------------------------------
Coluna Pivot_id
6
--------------------------------------------------
Linha Pivot_id
6
--------------------------------------------------
Linha Atual: 
7
--------------------------------------------------
Matrix
  x0       x1       x2    x3       x4           x5      x6    x7    x8       x9      x10    x11    x12      x13     x14    x15    f0      f1    f2    f3    f4      f5      f6    f7         s
----  -------  -------  ----  -------  -----------  ------  ----  ----  -------  -------  -----  -----  -------  ------  -----  ----  ------  ----  ----  ----  ------  ------  ----  --------
   0   0        0       0      0       0             0      0      1.8   0.7      1.2       0     1.05   1.5      1.5        0     1   1         0     0    -1  -1      -1         0   33400
   0   0       -1.375   0      1.125   1             0      0      0     0       -1.5       0     0      0       -1.875      0     0  -1.25      0     0     0   0       1.25      0    2250
   0   0        0       0      0       0             0      0     -1.8  -0.7     -1.2       0     0      0        0          0     0   0         1     0     0   0       0         0  -21000
   0   0        0       0      0       0             0      0      0     0        0         0    -1.05  -1.15    -1.5        0     0   0         0     1     0   0       0         0  -20000
   1   0        0       0      0.9     0             0      0      1.8   0        0         0     1.05   0        0          0     0   0         0     0    -1   0       0         0   30000
   0   1        0.5236  0     -0.4284  0.0002        0      0      0     0.333    0.5712    0     0      0.714    0.714      0     0   0.476     0     0     0  -0.476  -0.476     0   11381.3
   0   0       -1.1     0      0       0            -1      0      0     0       -1.2       0     0      0       -1.5        0     0   0         0     0     0   0       1         0  -23500
   0   0        0       0      0       0             0      0      0     0        0         0     0      0        0          0     0   0         0     0     0   0       0         1   -7850
   0  -0.0009   1.8     1.05   0.6861  5.55112e-17   0.129  1.15  -0.7   0.6997   1.2       1.5  -1.05  -0.6435   0          0     0   0.571     0     0     1   0.429   0         0  -55471.6
--------------------------------------------------
Coluna Pivot_id
6
--------------------------------------------------
Linha Pivot_id
6
--------------------------------------------------
Linha Atual: 
8
--------------------------------------------------
Matrix
  x0       x1       x2    x3       x4           x5      x6    x7    x8       x9      x10    x11    x12      x13     x14    x15    f0      f1    f2    f3    f4      f5      f6    f7         s
----  -------  -------  ----  -------  -----------  ------  ----  ----  -------  -------  -----  -----  -------  ------  -----  ----  ------  ----  ----  ----  ------  ------  ----  --------
   0   0        0       0      0       0             0      0      1.8   0.7      1.2       0     1.05   1.5      1.5        0     1   1         0     0    -1  -1      -1         0   33400
   0   0       -1.375   0      1.125   1             0      0      0     0       -1.5       0     0      0       -1.875      0     0  -1.25      0     0     0   0       1.25      0    2250
   0   0        0       0      0       0             0      0     -1.8  -0.7     -1.2       0     0      0        0          0     0   0         1     0     0   0       0         0  -21000
   0   0        0       0      0       0             0      0      0     0        0         0    -1.05  -1.15    -1.5        0     0   0         0     1     0   0       0         0  -20000
   1   0        0       0      0.9     0             0      0      1.8   0        0         0     1.05   0        0          0     0   0         0     0    -1   0       0         0   30000
   0   1        0.5236  0     -0.4284  0.0002        0      0      0     0.333    0.5712    0     0      0.714    0.714      0     0   0.476     0     0     0  -0.476  -0.476     0   11381.3
   0   0       -1.1     0      0       0            -1      0      0     0       -1.2       0     0      0       -1.5        0     0   0         0     0     0   0       1         0  -23500
   0   0        0       0      0       0             0      0      0     0        0         0     0      0        0          0     0   0         0     0     0   0       0         1   -7850
   0  -0.0009   1.8     1.05   0.6861  5.55112e-17   0.129  1.15  -0.7   0.6997   1.2       1.5  -1.05  -0.6435   0          0     0   0.571     0     0     1   0.429   0         0  -55471.6
--------------------------------------------------
Coluna Pivot_id
6
--------------------------------------------------
Linha Pivot_id
6
[array([30000.   , 11381.295,     0.   ,     0.   ,     0.   ,     0.   ,
       23500.   ,     0.   ,     0.   ,     0.   ,     0.   ,     0.   ,
           0.   ,     0.   ,     0.   ,     0.   ]), array([1., 0., 1., 1., 0., 0., 0., 1.]), [-58503.100000000006]]
